Date : 2023-11-25 18:08:50
Directory : f:\GITHUB\CppLeetNinjas
Total : 199 files,  5847 codes, 844 comments, 1136 blanks, all 7827 lines

Languages
+----------+------------+------------+------------+------------+------------+
| language | files      | code       | comment    | blank      | total      |
+----------+------------+------------+------------+------------+------------+
| C++      |        178 |      5,162 |        844 |        860 |      6,866 |
| Markdown |         21 |        685 |          0 |        276 |        961 |
+----------+------------+------------+------------+------------+------------+

Directories
+----------------------------------------------------------------------------------------------------+------------+------------+------------+------------+------------+
| path                                                                                               | files      | code       | comment    | blank      | total      |
+----------------------------------------------------------------------------------------------------+------------+------------+------------+------------+------------+
| .                                                                                                  |        199 |      5,847 |        844 |      1,136 |      7,827 |
| 0001两数之和                                                                                           |          1 |         19 |          1 |          2 |         22 |
| 0002两数相加                                                                                           |          2 |         68 |          0 |         12 |         80 |
| 0003无重复字符的最长子串                                                                                     |          1 |         17 |          3 |          3 |         23 |
| 0005最长回文子串                                                                                         |          1 |         27 |          0 |          1 |         28 |
| 0006N字形变换                                                                                          |          1 |         26 |          0 |          5 |         31 |
| 0007整数反转                                                                                           |          1 |         15 |          0 |          5 |         20 |
| 0008字符串转整数                                                                                         |          1 |         32 |          4 |          7 |         43 |
| 0009回文数                                                                                            |          1 |         14 |          0 |          2 |         16 |
| 0011盛最多水的容器                                                                                        |          1 |         16 |          0 |          4 |         20 |
| 0015三数之和                                                                                           |          3 |        203 |         12 |         73 |        288 |
| 0017电话号码的字母组合                                                                                      |          1 |         31 |          7 |          4 |         42 |
| 0018四数之和                                                                                           |          2 |         63 |          0 |         20 |         83 |
| 0019删除链表的倒数第 N 个结点                                                                                 |          1 |         27 |          0 |          2 |         29 |
| 0020有效的括号                                                                                          |          1 |         31 |          7 |          6 |         44 |
| 0024两两交换链表中的节点                                                                                     |          2 |         65 |          5 |          4 |         74 |
| 0027移除元素                                                                                           |          1 |         21 |          0 |          2 |         23 |
| 0028找出字符串中第一个匹配项的下标                                                                                |          1 |         32 |          2 |          5 |         39 |
| 0039组合总和                                                                                           |          1 |         28 |          7 |          4 |         39 |
| 0040组合总和II                                                                                         |          1 |         31 |          7 |          5 |         43 |
| 0046全排列                                                                                            |          1 |         28 |          7 |          3 |         38 |
| 0047全排列II                                                                                          |          2 |         60 |         14 |          9 |         83 |
| 0059螺旋矩阵 II                                                                                        |          1 |         39 |          4 |          5 |         48 |
| 0071简化路径                                                                                           |          1 |         29 |          0 |          3 |         32 |
| 0072编辑距离                                                                                           |          1 |         23 |          0 |          3 |         26 |
| 0073矩阵置零                                                                                           |          2 |         52 |          0 |          8 |         60 |
| 0074搜索二维矩阵                                                                                         |          2 |         70 |          0 |          9 |         79 |
| 0075颜色分类                                                                                           |          1 |         24 |          0 |          1 |         25 |
| 0077组合                                                                                             |          1 |         23 |          7 |          3 |         33 |
| 0078子集                                                                                             |          1 |         20 |          7 |          3 |         30 |
| 0079单词搜索                                                                                           |          2 |         82 |          7 |         17 |        106 |
| 0080删除有序数组中的重复项 II                                                                                 |          1 |         16 |          5 |          4 |         25 |
| 0081搜索旋转排序数组 II                                                                                    |          1 |         31 |          0 |          4 |         35 |
| 0082删除排序链表中的重复元素 II                                                                                |          2 |         59 |          6 |          6 |         71 |
| 0083删除排序链表中的重复元素                                                                                   |          1 |         24 |          0 |          3 |         27 |
| 0086分隔链表                                                                                           |          1 |         29 |          0 |          6 |         35 |
| 0088合并两个有序数组                                                                                       |          1 |         14 |          0 |          1 |         15 |
| 0090子集II                                                                                           |          1 |         22 |          7 |          5 |         34 |
| 0091解码方法                                                                                           |          1 |         21 |          0 |          3 |         24 |
| 0092反转链表 II                                                                                        |          1 |         28 |          1 |          6 |         35 |
| 0093复原IP地址                                                                                         |          1 |         44 |          7 |          8 |         59 |
| 0094二叉树的中序遍历                                                                                       |          2 |         56 |         14 |         12 |         82 |
| 0097交错字符串                                                                                          |          2 |         51 |          0 |         14 |         65 |
| 0098验证二叉搜索树                                                                                        |          2 |         51 |         30 |         19 |        100 |
| 0099恢复二叉搜索树                                                                                        |          2 |         64 |          0 |         11 |         75 |
| 0100相同的树                                                                                           |          1 |         19 |          0 |          2 |         21 |
| 0101对称二叉树                                                                                          |          3 |        101 |         17 |         19 |        137 |
| 0102二叉树的层序遍历                                                                                       |          1 |         33 |          8 |          4 |         45 |
| 0103二叉树的锯齿形层序遍历                                                                                    |          1 |         44 |          1 |          4 |         49 |
| 0104二叉树的最大深度                                                                                       |          1 |         17 |          8 |          3 |         28 |
| 0105从前序与中序遍历序列构造二叉树                                                                                |          1 |         39 |          8 |          8 |         55 |
| 0106从中序与后序遍历序列构造二叉树                                                                                |          2 |         72 |         16 |         13 |        101 |
| 0107二叉树的层序遍历II                                                                                     |          1 |         35 |          8 |          5 |         48 |
| 0108将有序数组转换为二叉搜索树                                                                                  |          1 |         27 |          8 |          6 |         41 |
| 0109有序链表转换二叉搜索树                                                                                    |          2 |         71 |          3 |          9 |         83 |
| 0110平衡二叉树                                                                                          |          3 |        127 |         16 |         45 |        188 |
| 0111二叉树的最小深度                                                                                       |          2 |         62 |         17 |          9 |         88 |
| 0112路径总和                                                                                           |          1 |         20 |          8 |          5 |         33 |
| 0113路径总和II                                                                                         |          1 |         34 |          1 |          4 |         39 |
| 0116填充每个节点的下一个右侧节点指针                                                                               |          1 |         35 |          8 |          7 |         50 |
| 0117填充每个节点的下一个右侧节点指针II                                                                             |          1 |         35 |          8 |          6 |         49 |
| 0125验证回文串                                                                                          |          1 |         22 |          3 |          6 |         31 |
| 0131分割回文串                                                                                          |          2 |         77 |         15 |         10 |        102 |
| 0142环形链表 II                                                                                        |          1 |         26 |          7 |          4 |         37 |
| 0144二叉树的前序遍历                                                                                       |          2 |         55 |         14 |          9 |         78 |
| 0145二叉树的后序遍历                                                                                       |          4 |        143 |         43 |         22 |        208 |
| 0148排序链表                                                                                           |          1 |         42 |          1 |          9 |         52 |
| 0150逆波兰表达式求值                                                                                       |          1 |         35 |          7 |          4 |         46 |
| 0151反转字符串中的单词                                                                                      |          1 |         43 |          7 |         13 |         63 |
| 0156上下翻转二叉树                                                                                        |          2 |         69 |          1 |         29 |         99 |
| 0159至多包含两个不同字符的最长子串                                                                                |          3 |         77 |          7 |         21 |        105 |
| 0162寻找峰值                                                                                           |          2 |         35 |          0 |          7 |         42 |
| 0163缺失的区间                                                                                          |          2 |         41 |          0 |          6 |         47 |
| 0199二叉树的右视图                                                                                        |          1 |         32 |          8 |          4 |         44 |
| 0202快乐数                                                                                            |          1 |         30 |          5 |          7 |         42 |
| 0203移除链表元素                                                                                         |          2 |         58 |          2 |          4 |         64 |
| 0206反转链表                                                                                           |          2 |         40 |          2 |          3 |         45 |
| 0207课程表                                                                                            |          1 |         37 |          0 |          8 |         45 |
| 0209长度最小的子数组                                                                                       |          1 |         26 |          0 |          2 |         28 |
| 0216组合                                                                                             |          1 |         25 |         11 |          4 |         40 |
| 0222完全二叉树的节点个数                                                                                     |          1 |         31 |          8 |          9 |         48 |
| 0225用队列实现栈                                                                                         |          1 |         23 |         15 |          9 |         47 |
| 0226翻转二叉树                                                                                          |          2 |         51 |         16 |          8 |         75 |
| 0232用栈实现队列                                                                                         |          1 |         44 |         15 |          9 |         68 |
| 0236二叉树的最近公共祖先                                                                                     |          3 |         87 |         23 |         34 |        144 |
| 0239滑动窗口最大值                                                                                        |          2 |         58 |         17 |         14 |         89 |
| 0242有效的字母异位词                                                                                       |          3 |        126 |          6 |         14 |        146 |
| 0243最短单词距离                                                                                         |          2 |         35 |          1 |          9 |         45 |
| 0246中心对称的数                                                                                         |          2 |         51 |          2 |          6 |         59 |
| 0252会议室                                                                                            |          1 |         20 |          0 |          4 |         24 |
| 0257二叉树的所有路径                                                                                       |          4 |        162 |         32 |         24 |        218 |
| 0263丑数                                                                                             |          2 |         16 |          4 |          8 |         28 |
| 0264丑数 II                                                                                          |          2 |         33 |          0 |         10 |         43 |
| 0266回文排列                                                                                           |          1 |         14 |          2 |          3 |         19 |
| 0268丢失的数字                                                                                          |          1 |         14 |          0 |          1 |         15 |
| 0270最接近的二叉搜索树值                                                                                     |          1 |         36 |          2 |          6 |         44 |
| 0278第一个错误的版本                                                                                       |          1 |         16 |          0 |          0 |         16 |
| 0307最大单词长度乘积                                                                                       |          3 |         75 |          3 |         12 |         90 |
| 0332重新安排行程                                                                                         |          1 |         46 |          0 |          3 |         49 |
| 0344反转字符串                                                                                          |          1 |         16 |          1 |          2 |         19 |
| 0349两个数组的交集                                                                                        |          3 |         64 |          4 |         22 |         90 |
| 0383赎金信                                                                                            |          2 |         37 |          0 |          5 |         42 |
| 0404左叶子之和                                                                                          |          3 |         97 |         24 |         16 |        137 |
| 0429N叉树的层序遍历                                                                                       |          1 |         39 |          8 |          8 |         55 |
| 0444序列重建                                                                                           |          1 |         43 |          1 |          8 |         52 |
| 0450删除二叉搜索树中的节点                                                                                    |          2 |         70 |         10 |         14 |         94 |
| 0454四数相加 II                                                                                        |          1 |         28 |          3 |          2 |         33 |
| 0459重复的子串                                                                                          |          1 |          5 |          7 |          2 |         14 |
| 0491递增子序列                                                                                          |          3 |         78 |         14 |         31 |        123 |
| 0501二叉搜索树中的众数                                                                                      |          1 |         44 |         11 |          8 |         63 |
| 0513找树左下角的值                                                                                        |          3 |         88 |         25 |         23 |        136 |
| 0515在每个树行中找最大值                                                                                     |          1 |         22 |         20 |          5 |         47 |
| 0530二叉搜索树的最小绝对差                                                                                    |          2 |         53 |         27 |         15 |         95 |
| 0538把二叉搜索树转换为累加树                                                                                   |          1 |         24 |          8 |          6 |         38 |
| 0541反转字符串 II                                                                                       |          2 |         42 |          0 |         13 |         55 |
| 0617合并二叉树                                                                                          |          2 |         55 |         16 |         14 |         85 |
| 0637二叉树的层平均值                                                                                       |          1 |         33 |          8 |          4 |         45 |
| 0654最大二叉树                                                                                          |          3 |        103 |         16 |         20 |        139 |
| 0669修剪二叉搜索树                                                                                        |          2 |         44 |          8 |         10 |         62 |
| 0700二叉搜索树中的搜索                                                                                      |          1 |         22 |          8 |          4 |         34 |
| 0701二叉搜索树中的插入操作                                                                                    |          1 |         25 |          8 |          5 |         38 |
| 0704二分查找                                                                                           |          1 |         55 |          1 |          5 |         61 |
| 0707设计链表                                                                                           |          1 |         87 |          0 |          9 |         96 |
| 0765情侣牵手                                                                                           |          1 |         36 |          0 |          9 |         45 |
| 0977有序数组的平方                                                                                        |          1 |         29 |          0 |          2 |         31 |
| 1047删除字符串中的所有相邻重复项                                                                                 |          2 |         37 |         14 |          4 |         55 |
| 1993树上的操作                                                                                          |          1 |         57 |         17 |         12 |         86 |
| 2300咒语和药水的成功对数                                                                                     |          1 |         25 |          0 |          4 |         29 |
| 2568统计范围内的元音字符串数                                                                                   |          1 |         18 |          0 |          1 |         19 |
| 剑指Offer                                                                                            |          4 |         88 |          0 |         14 |        102 |
| 剑指Offer\0005替换空格                                                                                   |          3 |         69 |          0 |         11 |         80 |
| 剑指Offer\0058左旋转字符串                                                                                 |          1 |         19 |          0 |          3 |         22 |
| 面试题                                                                                                |          2 |         35 |          0 |          3 |         38 |
| 面试题\0207链表相交                                                                                       |          2 |         35 |          0 |          3 |         38 |
+----------------------------------------------------------------------------------------------------+------------+------------+------------+------------+------------+

Files
+----------------------------------------------------------------------------------------------------+----------+------------+------------+------------+------------+
| filename                                                                                           | language | code       | comment    | blank      | total      |
+----------------------------------------------------------------------------------------------------+----------+------------+------------+------------+------------+
| f:\GITHUB\CppLeetNinjas\0001两数之和\two-sum.cpp                                                       | C++      |         19 |          1 |          2 |         22 |
| f:\GITHUB\CppLeetNinjas\0002两数相加\0002两数相加.cpp                                                      | C++      |         40 |          0 |          6 |         46 |
| f:\GITHUB\CppLeetNinjas\0002两数相加\0002两数相加优化.cpp                                                    | C++      |         28 |          0 |          6 |         34 |
| f:\GITHUB\CppLeetNinjas\0003无重复字符的最长子串\0003无重复字符的最长子串.cpp                                          | C++      |         17 |          3 |          3 |         23 |
| f:\GITHUB\CppLeetNinjas\0005最长回文子串\0005最长回文子串.cpp                                                  | C++      |         27 |          0 |          1 |         28 |
| f:\GITHUB\CppLeetNinjas\0006N字形变换\0006N字形变换.cpp                                                    | C++      |         26 |          0 |          5 |         31 |
| f:\GITHUB\CppLeetNinjas\0007整数反转\7整数反转.cpp                                                         | C++      |         15 |          0 |          5 |         20 |
| f:\GITHUB\CppLeetNinjas\0008字符串转整数\0008字符串转整数.cpp                                                  | C++      |         32 |          4 |          7 |         43 |
| f:\GITHUB\CppLeetNinjas\0009回文数\0009回文数.cpp                                                        | C++      |         14 |          0 |          2 |         16 |
| f:\GITHUB\CppLeetNinjas\0011盛最多水的容器\0011盛最多水的容器.cpp                                                | C++      |         16 |          0 |          4 |         20 |
| f:\GITHUB\CppLeetNinjas\0015三数之和\3sum_hashmap.cpp                                                  | C++      |         41 |          7 |          4 |         52 |
| f:\GITHUB\CppLeetNinjas\0015三数之和\3sum_two_pointer.cpp                                              | C++      |         34 |          5 |         11 |         50 |
| f:\GITHUB\CppLeetNinjas\0015三数之和\README.markdown                                                   | Markdown |        128 |          0 |         58 |        186 |
| f:\GITHUB\CppLeetNinjas\0017电话号码的字母组合\17.电话号码的字母组合.cpp                                             | C++      |         31 |          7 |          4 |         42 |
| f:\GITHUB\CppLeetNinjas\0018四数之和\4sum.cpp                                                          | C++      |         39 |          0 |         10 |         49 |
| f:\GITHUB\CppLeetNinjas\0018四数之和\README.markdown                                                   | Markdown |         24 |          0 |         10 |         34 |
| f:\GITHUB\CppLeetNinjas\0019删除链表的倒数第 N 个结点\0019remove-nth-node-from-end-of-list.cpp                | C++      |         27 |          0 |          2 |         29 |
| f:\GITHUB\CppLeetNinjas\0020有效的括号\20.有效的括号.cpp                                                     | C++      |         31 |          7 |          6 |         44 |
| f:\GITHUB\CppLeetNinjas\0024两两交换链表中的节点\0024swap-nodes-in-pairs_dd.cpp                              | C++      |         34 |          1 |          2 |         37 |
| f:\GITHUB\CppLeetNinjas\0024两两交换链表中的节点\0024swap-nodes-in-pairs_dg.cpp                              | C++      |         31 |          4 |          2 |         37 |
| f:\GITHUB\CppLeetNinjas\0027移除元素\remove_element.cpp                                                | C++      |         21 |          0 |          2 |         23 |
| f:\GITHUB\CppLeetNinjas\0028找出字符串中第一个匹配项的下标\find-the-index-of-the-first-occurrence-in-a-string.cpp | C++      |         32 |          2 |          5 |         39 |
| f:\GITHUB\CppLeetNinjas\0039组合总和\39.组合总和.cpp                                                       | C++      |         28 |          7 |          4 |         39 |
| f:\GITHUB\CppLeetNinjas\0040组合总和II\40.组合总和-ii.cpp                                                  | C++      |         31 |          7 |          5 |         43 |
| f:\GITHUB\CppLeetNinjas\0046全排列\46.全排列.cpp                                                         | C++      |         28 |          7 |          3 |         38 |
| f:\GITHUB\CppLeetNinjas\0047全排列II\47.全排列-ii 优化.cpp                                                 | C++      |         30 |          7 |          5 |         42 |
| f:\GITHUB\CppLeetNinjas\0047全排列II\47.全排列-ii.cpp                                                    | C++      |         30 |          7 |          4 |         41 |
| f:\GITHUB\CppLeetNinjas\0059螺旋矩阵 II\spiral-matrix-ii.cpp                                           | C++      |         39 |          4 |          5 |         48 |
| f:\GITHUB\CppLeetNinjas\0071简化路径\0071简化路径.cpp                                                      | C++      |         29 |          0 |          3 |         32 |
| f:\GITHUB\CppLeetNinjas\0072编辑距离\72编辑距离.cpp                                                        | C++      |         23 |          0 |          3 |         26 |
| f:\GITHUB\CppLeetNinjas\0073矩阵置零\73矩阵置零.cpp                                                        | C++      |         26 |          0 |          4 |         30 |
| f:\GITHUB\CppLeetNinjas\0073矩阵置零\73矩阵置零空间优化.cpp                                                    | C++      |         26 |          0 |          4 |         30 |
| f:\GITHUB\CppLeetNinjas\0074搜索二维矩阵\74搜索二维矩阵.cpp                                                    | C++      |         34 |          0 |          4 |         38 |
| f:\GITHUB\CppLeetNinjas\0074搜索二维矩阵\74搜索二维矩阵11.cpp                                                  | C++      |         36 |          0 |          5 |         41 |
| f:\GITHUB\CppLeetNinjas\0075颜色分类\75颜色分类.cpp                                                        | C++      |         24 |          0 |          1 |         25 |
| f:\GITHUB\CppLeetNinjas\0077组合\77.组合.cpp                                                           | C++      |         23 |          7 |          3 |         33 |
| f:\GITHUB\CppLeetNinjas\0078子集\78.子集.cpp                                                           | C++      |         20 |          7 |          3 |         30 |
| f:\GITHUB\CppLeetNinjas\0079单词搜索\79单词搜索.cpp                                                        | C++      |         43 |          6 |         10 |         59 |
| f:\GITHUB\CppLeetNinjas\0079单词搜索\79单词搜索优化.cpp                                                      | C++      |         39 |          1 |          7 |         47 |
| f:\GITHUB\CppLeetNinjas\0080删除有序数组中的重复项 II\80.删除有序数组中的重复项II.cpp                                    | C++      |         16 |          5 |          4 |         25 |
| f:\GITHUB\CppLeetNinjas\0081搜索旋转排序数组 II\搜索旋转排序数组 II.cpp                                            | C++      |         31 |          0 |          4 |         35 |
| f:\GITHUB\CppLeetNinjas\0082删除排序链表中的重复元素 II\82删除排序链表中的重复元素 II.cpp                                  | C++      |         26 |          3 |          4 |         33 |
| f:\GITHUB\CppLeetNinjas\0082删除排序链表中的重复元素 II\82删除排序链表中的重复元素 II清理内存.cpp                              | C++      |         33 |          3 |          2 |         38 |
| f:\GITHUB\CppLeetNinjas\0083删除排序链表中的重复元素\83.删除排序链表中的重复元素.cpp                                       | C++      |         24 |          0 |          3 |         27 |
| f:\GITHUB\CppLeetNinjas\0086分隔链表\0086分隔链表.cpp                                                      | C++      |         29 |          0 |          6 |         35 |
| f:\GITHUB\CppLeetNinjas\0088合并两个有序数组\88合并两个有序数组.cpp                                                | C++      |         14 |          0 |          1 |         15 |
| f:\GITHUB\CppLeetNinjas\0090子集II\90.子集-ii.cpp                                                      | C++      |         22 |          7 |          5 |         34 |
| f:\GITHUB\CppLeetNinjas\0091解码方法\91解码方法.cpp                                                        | C++      |         21 |          0 |          3 |         24 |
| f:\GITHUB\CppLeetNinjas\0092反转链表 II\92.反转链表 II.cpp                                                 | C++      |         28 |          1 |          6 |         35 |
| f:\GITHUB\CppLeetNinjas\0093复原IP地址\93.复原-ip-地址.cpp                                                 | C++      |         44 |          7 |          8 |         59 |
| f:\GITHUB\CppLeetNinjas\0094二叉树的中序遍历\94.二叉树的中序遍历迭代.cpp                                             | C++      |         29 |          7 |          8 |         44 |
| f:\GITHUB\CppLeetNinjas\0094二叉树的中序遍历\94.二叉树的中序遍历递归.cpp                                             | C++      |         27 |          7 |          4 |         38 |
| f:\GITHUB\CppLeetNinjas\0097交错字符串\97交错字符串.cpp                                                      | C++      |         26 |          0 |          8 |         34 |
| f:\GITHUB\CppLeetNinjas\0097交错字符串\97交错字符串优化.cpp                                                    | C++      |         25 |          0 |          6 |         31 |
| f:\GITHUB\CppLeetNinjas\0098验证二叉搜索树\98.验证二叉搜索树迭代实现.cpp                                             | C++      |         31 |          8 |         12 |         51 |
| f:\GITHUB\CppLeetNinjas\0098验证二叉搜索树\98.验证二叉搜索树递归实现.cpp                                             | C++      |         20 |         22 |          7 |         49 |
| f:\GITHUB\CppLeetNinjas\0099恢复二叉搜索树\0099恢复二叉搜索树.cpp                                                | C++      |         30 |          0 |          5 |         35 |
| f:\GITHUB\CppLeetNinjas\0099恢复二叉搜索树\0099恢复二叉搜索树迭代.cpp                                              | C++      |         34 |          0 |          6 |         40 |
| f:\GITHUB\CppLeetNinjas\0100相同的树\100相同的树.cpp                                                       | C++      |         19 |          0 |          2 |         21 |
| f:\GITHUB\CppLeetNinjas\0101对称二叉树\101.对称二叉树迭代实现.cpp                                                | C++      |         40 |          9 |          8 |         57 |
| f:\GITHUB\CppLeetNinjas\0101对称二叉树\101.对称二叉树递归实现.cpp                                                | C++      |         31 |          8 |          4 |         43 |
| f:\GITHUB\CppLeetNinjas\0101对称二叉树\README.markdown                                                  | Markdown |         30 |          0 |          7 |         37 |
| f:\GITHUB\CppLeetNinjas\0102二叉树的层序遍历\102.二叉树的层序遍历.cpp                                              | C++      |         33 |          8 |          4 |         45 |
| f:\GITHUB\CppLeetNinjas\0103二叉树的锯齿形层序遍历\103二叉树的锯齿形层序遍历.cpp                                         | C++      |         44 |          1 |          4 |         49 |
| f:\GITHUB\CppLeetNinjas\0104二叉树的最大深度\104.二叉树的最大深度.cpp                                              | C++      |         17 |          8 |          3 |         28 |
| f:\GITHUB\CppLeetNinjas\0105从前序与中序遍历序列构造二叉树\105.从前序与中序遍历序列构造二叉树.cpp                                | C++      |         39 |          8 |          8 |         55 |
| f:\GITHUB\CppLeetNinjas\0106从中序与后序遍历序列构造二叉树\106.从中序与后序遍历序列构造二叉树.cpp                                | C++      |         32 |          8 |          3 |         43 |
| f:\GITHUB\CppLeetNinjas\0106从中序与后序遍历序列构造二叉树\106.从中序与后序遍历序列构造二叉树优化.cpp                              | C++      |         40 |          8 |         10 |         58 |
| f:\GITHUB\CppLeetNinjas\0107二叉树的层序遍历II\107.二叉树的层序遍历-ii.cpp                                         | C++      |         35 |          8 |          5 |         48 |
| f:\GITHUB\CppLeetNinjas\0108将有序数组转换为二叉搜索树\108.将有序数组转换为二叉搜索树.cpp                                    | C++      |         27 |          8 |          6 |         41 |
| f:\GITHUB\CppLeetNinjas\0109有序链表转换二叉搜索树\109. 有序链表转换二叉搜索树.cpp                                       | C++      |         36 |          1 |          3 |         40 |
| f:\GITHUB\CppLeetNinjas\0109有序链表转换二叉搜索树\109. 有序链表转换二叉搜索树直接使用链表.cpp                                 | C++      |         35 |          2 |          6 |         43 |
| f:\GITHUB\CppLeetNinjas\0110平衡二叉树\110.平衡二叉树迭代法.cpp                                                 | C++      |         52 |          8 |          6 |         66 |
| f:\GITHUB\CppLeetNinjas\0110平衡二叉树\110.平衡二叉树递归法.cpp                                                 | C++      |         23 |          8 |          8 |         39 |
| f:\GITHUB\CppLeetNinjas\0110平衡二叉树\README.markdown                                                  | Markdown |         52 |          0 |         31 |         83 |
| f:\GITHUB\CppLeetNinjas\0111二叉树的最小深度\111.二叉树的最小深度迭代法.cpp                                           | C++      |         38 |          8 |          3 |         49 |
| f:\GITHUB\CppLeetNinjas\0111二叉树的最小深度\111.二叉树的最小深度递归法.cpp                                           | C++      |         24 |          9 |          6 |         39 |
| f:\GITHUB\CppLeetNinjas\0112路径总和\112.路径总和.cpp                                                      | C++      |         20 |          8 |          5 |         33 |
| f:\GITHUB\CppLeetNinjas\0113路径总和II\113路径总和II.cpp                                                   | C++      |         34 |          1 |          4 |         39 |
| f:\GITHUB\CppLeetNinjas\0116填充每个节点的下一个右侧节点指针\116.填充每个节点的下一个右侧节点指针.cpp                              | C++      |         35 |          8 |          7 |         50 |
| f:\GITHUB\CppLeetNinjas\0117填充每个节点的下一个右侧节点指针II\117.填充每个节点的下一个右侧节点指针-ii.cpp                         | C++      |         35 |          8 |          6 |         49 |
| f:\GITHUB\CppLeetNinjas\0125验证回文串\0125验证回文串.cpp                                                    | C++      |         22 |          3 |          6 |         31 |
| f:\GITHUB\CppLeetNinjas\0131分割回文串\131.分割回文串.cpp                                                    | C++      |         35 |          7 |          5 |         47 |
| f:\GITHUB\CppLeetNinjas\0131分割回文串\131.分割回文串优化.cpp                                                  | C++      |         42 |          8 |          5 |         55 |
| f:\GITHUB\CppLeetNinjas\0142环形链表 II\142.环形链表-ii.cpp                                                | C++      |         26 |          7 |          4 |         37 |
| f:\GITHUB\CppLeetNinjas\0144二叉树的前序遍历\144.二叉树的前序遍历迭代实现.cpp                                          | C++      |         29 |          7 |          5 |         41 |
| f:\GITHUB\CppLeetNinjas\0144二叉树的前序遍历\144.二叉树的前序遍历递归实现.cpp                                          | C++      |         26 |          7 |          4 |         37 |
| f:\GITHUB\CppLeetNinjas\0145二叉树的后序遍历\145.二叉树的后序遍历迭代01.cpp                                          | C++      |         32 |          7 |          4 |         43 |
| f:\GITHUB\CppLeetNinjas\0145二叉树的后序遍历\145.二叉树的后序遍历迭代02.cpp                                          | C++      |         44 |          7 |          6 |         57 |
| f:\GITHUB\CppLeetNinjas\0145二叉树的后序遍历\145.二叉树的后序遍历迭代03.cpp                                          | C++      |         41 |         10 |          8 |         59 |
| f:\GITHUB\CppLeetNinjas\0145二叉树的后序遍历\145.二叉树的后序遍历递归.cpp                                            | C++      |         26 |         19 |          4 |         49 |
| f:\GITHUB\CppLeetNinjas\0148排序链表\148排序链表.cpp                                                       | C++      |         42 |          1 |          9 |         52 |
| f:\GITHUB\CppLeetNinjas\0150逆波兰表达式求值\150.逆波兰表达式求值.cpp                                              | C++      |         35 |          7 |          4 |         46 |
| f:\GITHUB\CppLeetNinjas\0151反转字符串中的单词\everse-words-in-a-string.cpp                                 | C++      |         43 |          7 |         13 |         63 |
| f:\GITHUB\CppLeetNinjas\0156上下翻转二叉树\156.上下翻转二叉树.cpp                                                | C++      |         23 |          1 |          3 |         27 |
| f:\GITHUB\CppLeetNinjas\0156上下翻转二叉树\README.md                                                      | Markdown |         46 |          0 |         26 |         72 |
| f:\GITHUB\CppLeetNinjas\0159至多包含两个不同字符的最长子串\159.至多包含两个不同字符的最长子串.cpp                                | C++      |         24 |          0 |          6 |         30 |
| f:\GITHUB\CppLeetNinjas\0159至多包含两个不同字符的最长子串\159.至多包含两个不同字符的最长子串优化.cpp                              | C++      |         25 |          0 |          5 |         30 |
| f:\GITHUB\CppLeetNinjas\0159至多包含两个不同字符的最长子串\159.至多包含两个不同字符的最长子串（不用map）.cpp                         | C++      |         28 |          7 |         10 |         45 |
| f:\GITHUB\CppLeetNinjas\0162寻找峰值\162.寻找峰值.cpp                                                      | C++      |         17 |          0 |          1 |         18 |
| f:\GITHUB\CppLeetNinjas\0162寻找峰值\README.markdown                                                   | Markdown |         18 |          0 |          6 |         24 |
| f:\GITHUB\CppLeetNinjas\0163缺失的区间\163.缺失的区间.cpp                                                    | C++      |         24 |          0 |          5 |         29 |
| f:\GITHUB\CppLeetNinjas\0163缺失的区间\163.缺失的区间优化.cpp                                                  | C++      |         17 |          0 |          1 |         18 |
| f:\GITHUB\CppLeetNinjas\0199二叉树的右视图\199.二叉树的右视图.cpp                                                | C++      |         32 |          8 |          4 |         44 |
| f:\GITHUB\CppLeetNinjas\0202快乐数\0202happy-number.cpp                                               | C++      |         30 |          5 |          7 |         42 |
| f:\GITHUB\CppLeetNinjas\0203移除链表元素\remove-linked-list-elements.cpp                                 | C++      |         29 |          1 |          3 |         33 |
| f:\GITHUB\CppLeetNinjas\0203移除链表元素\remove-linked-list-elements_s.cpp                               | C++      |         29 |          1 |          1 |         31 |
| f:\GITHUB\CppLeetNinjas\0206反转链表\reverse-linked-list_dd.cpp                                        | C++      |         21 |          1 |          1 |         23 |
| f:\GITHUB\CppLeetNinjas\0206反转链表\reverse-linked-list_dg.cpp                                        | C++      |         19 |          1 |          2 |         22 |
| f:\GITHUB\CppLeetNinjas\0207课程表\207.课程表.cpp                                                        | C++      |         37 |          0 |          8 |         45 |
| f:\GITHUB\CppLeetNinjas\0209长度最小的子数组\minimum_size_subarray_sum.cpp                                 | C++      |         26 |          0 |          2 |         28 |
| f:\GITHUB\CppLeetNinjas\0216组合\216.组合总和-iii.cpp                                                    | C++      |         25 |         11 |          4 |         40 |
| f:\GITHUB\CppLeetNinjas\0222完全二叉树的节点个数\222.完全二叉树的节点个数.cpp                                          | C++      |         31 |          8 |          9 |         48 |
| f:\GITHUB\CppLeetNinjas\0225用队列实现栈\225.用队列实现栈.cpp                                                  | C++      |         23 |         15 |          9 |         47 |
| f:\GITHUB\CppLeetNinjas\0226翻转二叉树\226.翻转二叉树迭代解法.cpp                                                | C++      |         30 |          8 |          4 |         42 |
| f:\GITHUB\CppLeetNinjas\0226翻转二叉树\226.翻转二叉树递归解法.cpp                                                | C++      |         21 |          8 |          4 |         33 |
| f:\GITHUB\CppLeetNinjas\0232用栈实现队列\232.用栈实现队列.cpp                                                  | C++      |         44 |         15 |          9 |         68 |
| f:\GITHUB\CppLeetNinjas\0236二叉树的最近公共祖先\236.二叉树的最近公共祖先哈希.cpp                                        | C++      |         38 |          8 |         11 |         57 |
| f:\GITHUB\CppLeetNinjas\0236二叉树的最近公共祖先\236.二叉树的最近公共祖先递归.cpp                                        | C++      |         20 |         15 |          8 |         43 |
| f:\GITHUB\CppLeetNinjas\0236二叉树的最近公共祖先\README.markdown                                             | Markdown |         29 |          0 |         15 |         44 |
| f:\GITHUB\CppLeetNinjas\0239滑动窗口最大值\239.滑动窗口最大值_01.cpp                                             | C++      |         36 |          7 |          7 |         50 |
| f:\GITHUB\CppLeetNinjas\0239滑动窗口最大值\239.滑动窗口最大值_02.cpp                                             | C++      |         22 |         10 |          7 |         39 |
| f:\GITHUB\CppLeetNinjas\0242有效的字母异位词\README.markdown                                               | Markdown |         85 |          0 |          9 |         94 |
| f:\GITHUB\CppLeetNinjas\0242有效的字母异位词\valid-anagram.cpp                                             | C++      |         21 |          3 |          2 |         26 |
| f:\GITHUB\CppLeetNinjas\0242有效的字母异位词\valid-anagram_v.cpp                                           | C++      |         20 |          3 |          3 |         26 |
| f:\GITHUB\CppLeetNinjas\0243最短单词距离\243.最短单词距离.cpp                                                  | C++      |         20 |          1 |          2 |         23 |
| f:\GITHUB\CppLeetNinjas\0243最短单词距离\README.markdown                                                 | Markdown |         15 |          0 |          7 |         22 |
| f:\GITHUB\CppLeetNinjas\0246中心对称的数\246.中心对称的数.cpp                                                  | C++      |         30 |          0 |          2 |         32 |
| f:\GITHUB\CppLeetNinjas\0246中心对称的数\246.中心对称的数优化.cpp                                                | C++      |         21 |          2 |          4 |         27 |
| f:\GITHUB\CppLeetNinjas\0252会议室\252.会议室.cpp                                                        | C++      |         20 |          0 |          4 |         24 |
| f:\GITHUB\CppLeetNinjas\0257二叉树的所有路径\257.二叉树的所有路径双栈.cpp                                            | C++      |         42 |          8 |          6 |         56 |
| f:\GITHUB\CppLeetNinjas\0257二叉树的所有路径\257.二叉树的所有路径哈希表.cpp                                           | C++      |         43 |          8 |          4 |         55 |
| f:\GITHUB\CppLeetNinjas\0257二叉树的所有路径\257.二叉树的所有路径递归01.cpp                                          | C++      |         39 |          8 |          7 |         54 |
| f:\GITHUB\CppLeetNinjas\0257二叉树的所有路径\257.二叉树的所有路径递归02.cpp                                          | C++      |         38 |          8 |          7 |         53 |
| f:\GITHUB\CppLeetNinjas\0263丑数\0263.丑数.cpp                                                         | C++      |         12 |          4 |          5 |         21 |
| f:\GITHUB\CppLeetNinjas\0263丑数\README.md                                                           | Markdown |          4 |          0 |          3 |          7 |
| f:\GITHUB\CppLeetNinjas\0264丑数 II\0264.丑数II.cpp                                                    | C++      |         18 |          0 |          4 |         22 |
| f:\GITHUB\CppLeetNinjas\0264丑数 II\README.md                                                        | Markdown |         15 |          0 |          6 |         21 |
| f:\GITHUB\CppLeetNinjas\0266回文排列\266回文排列.cpp                                                       | C++      |         14 |          2 |          3 |         19 |
| f:\GITHUB\CppLeetNinjas\0268丢失的数字\268.丢失的数字.cpp                                                    | C++      |         14 |          0 |          1 |         15 |
| f:\GITHUB\CppLeetNinjas\0270最接近的二叉搜索树值\270. 最接近的二叉搜索树值.cpp                                         | C++      |         36 |          2 |          6 |         44 |
| f:\GITHUB\CppLeetNinjas\0278第一个错误的版本\0278第一个错误的版本.cpp                                              | C++      |         16 |          0 |          0 |         16 |
| f:\GITHUB\CppLeetNinjas\0307最大单词长度乘积\307.最大单词长度乘积.cpp                                              | C++      |         29 |          1 |          2 |         32 |
| f:\GITHUB\CppLeetNinjas\0307最大单词长度乘积\307.最大单词长度乘积优化.cpp                                            | C++      |         27 |          2 |          4 |         33 |
| f:\GITHUB\CppLeetNinjas\0307最大单词长度乘积\README.markdown                                               | Markdown |         19 |          0 |          6 |         25 |
| f:\GITHUB\CppLeetNinjas\0332重新安排行程\332.重新安排行程.cpp                                                  | C++      |         46 |          0 |          3 |         49 |
| f:\GITHUB\CppLeetNinjas\0344反转字符串\reverse-string.cpp                                               | C++      |         16 |          1 |          2 |         19 |
| f:\GITHUB\CppLeetNinjas\0349两个数组的交集\README.markdown                                                | Markdown |         22 |          0 |         16 |         38 |
| f:\GITHUB\CppLeetNinjas\0349两个数组的交集\intersection-of-two-arrays_01.cpp                              | C++      |         16 |          4 |          2 |         22 |
| f:\GITHUB\CppLeetNinjas\0349两个数组的交集\intersection-of-two-arrays_02.cpp                              | C++      |         26 |          0 |          4 |         30 |
| f:\GITHUB\CppLeetNinjas\0383赎金信\ransom-note_01.cpp                                                 | C++      |         20 |          0 |          3 |         23 |
| f:\GITHUB\CppLeetNinjas\0383赎金信\ransom-note_02.cpp                                                 | C++      |         17 |          0 |          2 |         19 |
| f:\GITHUB\CppLeetNinjas\0404左叶子之和\404.左叶子之和迭代1.cpp                                                 | C++      |         37 |          8 |          6 |         51 |
| f:\GITHUB\CppLeetNinjas\0404左叶子之和\404.左叶子之和迭代2.cpp                                                 | C++      |         39 |          8 |          5 |         52 |
| f:\GITHUB\CppLeetNinjas\0404左叶子之和\404.左叶子之和递归.cpp                                                  | C++      |         21 |          8 |          5 |         34 |
| f:\GITHUB\CppLeetNinjas\0429N叉树的层序遍历\429.n-叉树的层序遍历.cpp                                             | C++      |         39 |          8 |          8 |         55 |
| f:\GITHUB\CppLeetNinjas\0444序列重建\444.序列重建.cpp                                                      | C++      |         43 |          1 |          8 |         52 |
| f:\GITHUB\CppLeetNinjas\0450删除二叉搜索树中的节点\450.删除二叉搜索树中的节点.cpp                                        | C++      |         47 |         10 |          8 |         65 |
| f:\GITHUB\CppLeetNinjas\0450删除二叉搜索树中的节点\README.markdown                                            | Markdown |         23 |          0 |          6 |         29 |
| f:\GITHUB\CppLeetNinjas\0454四数相加 II\4sum-ii.cpp                                                    | C++      |         28 |          3 |          2 |         33 |
| f:\GITHUB\CppLeetNinjas\0459重复的子串\459.重复的子字符串.cpp                                                  | C++      |          5 |          7 |          2 |         14 |
| f:\GITHUB\CppLeetNinjas\0491递增子序列\46.全排列.cpp                                                       | C++      |         24 |          7 |          4 |         35 |
| f:\GITHUB\CppLeetNinjas\0491递增子序列\491.递增子序列.cpp                                                    | C++      |         29 |          7 |          6 |         42 |
| f:\GITHUB\CppLeetNinjas\0491递增子序列\REDAME.md                                                        | Markdown |         25 |          0 |         21 |         46 |
| f:\GITHUB\CppLeetNinjas\0501二叉搜索树中的众数\501.二叉搜索树中的众数.cpp                                            | C++      |         44 |         11 |          8 |         63 |
| f:\GITHUB\CppLeetNinjas\0513找树左下角的值\513.找树左下角的值迭代法.cpp                                             | C++      |         33 |          8 |          4 |         45 |
| f:\GITHUB\CppLeetNinjas\0513找树左下角的值\513.找树左下角的值递归法.cpp                                             | C++      |         20 |         17 |          6 |         43 |
| f:\GITHUB\CppLeetNinjas\0513找树左下角的值\README.markdown                                                | Markdown |         35 |          0 |         13 |         48 |
| f:\GITHUB\CppLeetNinjas\0515在每个树行中找最大值\515.在每个树行中找最大值.cpp                                          | C++      |         22 |         20 |          5 |         47 |
| f:\GITHUB\CppLeetNinjas\0530二叉搜索树的最小绝对差\530.二叉搜索树的最小绝对差.cpp                                        | C++      |         32 |         10 |          6 |         48 |
| f:\GITHUB\CppLeetNinjas\0530二叉搜索树的最小绝对差\530.二叉搜索树的最小绝对差递归.cpp                                      | C++      |         21 |         17 |          9 |         47 |
| f:\GITHUB\CppLeetNinjas\0538把二叉搜索树转换为累加树\538.把二叉搜索树转换为累加树.cpp                                      | C++      |         24 |          8 |          6 |         38 |
| f:\GITHUB\CppLeetNinjas\0541反转字符串 II\README.markdown                                               | Markdown |         17 |          0 |          8 |         25 |
| f:\GITHUB\CppLeetNinjas\0541反转字符串 II\reverse-string-ii.cpp                                         | C++      |         25 |          0 |          5 |         30 |
| f:\GITHUB\CppLeetNinjas\0617合并二叉树\617.合并二叉树.cpp                                                    | C++      |         35 |          8 |          7 |         50 |
| f:\GITHUB\CppLeetNinjas\0617合并二叉树\617.合并二叉树简化方法.cpp                                                | C++      |         20 |          8 |          7 |         35 |
| f:\GITHUB\CppLeetNinjas\0637二叉树的层平均值\637.二叉树的层平均值.cpp                                              | C++      |         33 |          8 |          4 |         45 |
| f:\GITHUB\CppLeetNinjas\0654最大二叉树\654.最大二叉树迭代法.cpp                                                 | C++      |         34 |          8 |          2 |         44 |
| f:\GITHUB\CppLeetNinjas\0654最大二叉树\654.最大二叉树递归法.cpp                                                 | C++      |         35 |          8 |          4 |         47 |
| f:\GITHUB\CppLeetNinjas\0654最大二叉树\README.markdown                                                  | Markdown |         34 |          0 |         14 |         48 |
| f:\GITHUB\CppLeetNinjas\0669修剪二叉搜索树\669.修剪二叉搜索树.cpp                                                | C++      |         24 |          8 |          6 |         38 |
| f:\GITHUB\CppLeetNinjas\0669修剪二叉搜索树\README.markdown                                                | Markdown |         20 |          0 |          4 |         24 |
| f:\GITHUB\CppLeetNinjas\0700二叉搜索树中的搜索\700.二叉搜索树中的搜索.cpp                                            | C++      |         22 |          8 |          4 |         34 |
| f:\GITHUB\CppLeetNinjas\0701二叉搜索树中的插入操作\701.二叉搜索树中的插入操作.cpp                                        | C++      |         25 |          8 |          5 |         38 |
| f:\GITHUB\CppLeetNinjas\0704二分查找\binary_search.cpp                                                 | C++      |         55 |          1 |          5 |         61 |
| f:\GITHUB\CppLeetNinjas\0707设计链表\0707design-linked-list.cpp                                        | C++      |         87 |          0 |          9 |         96 |
| f:\GITHUB\CppLeetNinjas\0765情侣牵手\765.情侣牵手.cpp                                                      | C++      |         36 |          0 |          9 |         45 |
| f:\GITHUB\CppLeetNinjas\0977有序数组的平方\square_of_a_sorted_array.cpp                                   | C++      |         29 |          0 |          2 |         31 |
| f:\GITHUB\CppLeetNinjas\1047删除字符串中的所有相邻重复项\1047.删除字符串中的所有相邻重复项_01.cpp                              | C++      |         21 |          7 |          2 |         30 |
| f:\GITHUB\CppLeetNinjas\1047删除字符串中的所有相邻重复项\1047.删除字符串中的所有相邻重复项_02.cpp                              | C++      |         16 |          7 |          2 |         25 |
| f:\GITHUB\CppLeetNinjas\1993树上的操作\1993.树上的操作.cpp                                                   | C++      |         57 |         17 |         12 |         86 |
| f:\GITHUB\CppLeetNinjas\2300咒语和药水的成功对数\2300. 咒语和药水的成功对数.cpp                                        | C++      |         25 |          0 |          4 |         29 |
| f:\GITHUB\CppLeetNinjas\2568统计范围内的元音字符串数\2568.统计范围内的元音字符串数.cpp                                     | C++      |         18 |          0 |          1 |         19 |
| f:\GITHUB\CppLeetNinjas\剑指Offer\0005替换空格\README.markdown                                           | Markdown |         26 |          0 |          8 |         34 |
| f:\GITHUB\CppLeetNinjas\剑指Offer\0005替换空格\ti-huan-kong-ge-lcof_01.cpp                               | C++      |         16 |          0 |          1 |         17 |
| f:\GITHUB\CppLeetNinjas\剑指Offer\0005替换空格\ti-huan-kong-ge-lcof_02.cpp                               | C++      |         27 |          0 |          2 |         29 |
| f:\GITHUB\CppLeetNinjas\剑指Offer\0058左旋转字符串\zuo-xuan-zhuan-zi-fu-chuan-lcof.cpp                     | C++      |         19 |          0 |          3 |         22 |
| f:\GITHUB\CppLeetNinjas\面试题\0207链表相交\README.markdown                                               | Markdown |         18 |          0 |          2 |         20 |
| f:\GITHUB\CppLeetNinjas\面试题\0207链表相交\intersection-of-two-linked-lists-lcci.cpp                     | C++      |         17 |          0 |          1 |         18 |
| Total                                                                                              |          |      5,847 |        844 |      1,136 |      7,827 |
+----------------------------------------------------------------------------------------------------+----------+------------+------------+------------+------------+